{
    "backontracksx": 70.85062371134153,
    "backward": 1.669224786901136,
    "brakingpacefast": 1.0383418702288039,
    "brakingpaceslow": 2.2425656876338924,
    "carmaxvisib": 2.291858682873671,
    "carmin": 33.86878021767926,
    "clutchslip": 90.34100694329528,
    "clutchspin": 50.291035172311716,
    "consideredstr8": 0.010033102875417081,
    "dnsh1rpm": 4013.503613860325,
    "dnsh2rpm": 6313.039606388141,
    "dnsh3rpm": 7018.257426303851,
    "dnsh4rpm": 7430.310491083784,
    "dnsh5rpm": 7483.471089380139,
    "fullstis": 0.8198735817280897,
    "fullstmaxsx": 20.070818862674596,
    "ignoreinfleA": 10.793558810628733,
    "obvious": 1.3424661801203506,
    "obviousbase": 95.30715165573112,
    "offroad": 1.0002653228126588,
    "oksyp": 0.06586706491973668,
    "pointingahead": 2.196445074922305,
    "s2cen": 0.5113460794343394,
    "s2sen": 3.004432096693817,
    "safeatanyspeed": 0.0012800919243947557,
    "seriousABS": 27.913519841072034,
    "skidsev1": 0.576616694479842,
    "slipdec": 0.018047798233552067,
    "sortofontrack": 1.5040683093640903,
    "spincutclip": 0.1025421499370399,
    "spincutint": 1.7449866514563273,
    "spincutslp": 0.05142589453207698,
    "st": 689.9554366257631,
    "stC": 329.15365840061344,
    "steer2edge": 0.9502114400315407,
    "str8thresh": 0.14383741216415255,
    "stst": 494.40788172445616,
    "sxappropriatest1": 16.08326982212498,
    "sxappropriatest2": 0.5520202884372154,
    "sycon1": 0.6429244177717478,
    "sycon2": 1.000239198433143,
    "upsh2rpm": 9528.46608405377,
    "upsh3rpm": 9519.18387210465,
    "upsh4rpm": 9526.724084318208,
    "upsh5rpm": 9652.787170031397,
    "upsh6rpm": 11914.502728729563,
    "wheeldia": 0.8554277668777635,
    "wwlim": 4.487048259980536
}