{   "dnsh3rpm": 4605.4682646689125,
   "consideredstr8": 0.014740849944966975,
   "upsh6rpm": 10796.896802179363,
   "dnsh2rpm": 4195.521802728078,
   "str8thresh": 0.07191870608207628,
   "safeatanyspeed": 0.0006493042757932441,
   "offroad": 1.4318135873211693,
   "fullstmaxsx": 22.613439694918284,
   "wwlim": 2.7585493402836208,
   "upsh4rpm": 5713.117633745605,
   "dnsh1rpm": 2587.6814960059137,
   "sxappropriatest1": 10.941736712405884,
   "oksyp": 0.07904851027268739,
   "slipdec": 0.009023899116776033,
   "spincutslp": 0.07713884179811548,
   "ignoreinfleA": 16.1903382159431,
   "s2sen": 1.5022160483469085,
   "dnsh4rpm": 4914.830592042812,
   "seriousABS": 27.469121856418596,
   "dnsh5rpm": 3741.7355446900697,
   "obviousbase": 47.65357582786556,
   "stst": 696.4743737250282,
   "upsh3rpm": 8593.03960990632,
   "clutch_release": 0.07478640713309648,
   "stC": 370.7984973567036,
   "pointingahead": 3.2605966764924417,
   "spincutclip": 0.05127107496851995,
   "clutchslip": 58.78486329267815,
   "obvious": 1.6502046058144442,
   "backontracksx": 40.02832726597411,
   "upsh2rpm": 8878.86442124681,
   "senslim": 0.024357242717838262,
   "clutchspin": 75.43655275846757,
   "fullstis": 0.47958752244392566,
   "brake": 0.00006335753245733004,
   "carmin": 48.73439136925548,
   "sycon2": 0.5001195992165715,
   "s2cen": 0.29649185165416664,
   "sycon1": 0.36380244047935484,
   "upsh5rpm": 8213.656821023003,
   "carmaxvisib": 3.4377880243105063,
   "sxappropriatest2": 0.4063799383316482,
   "skidsev1": 0.3067721929030002,
   "wheeldia": 0.6586203724250848,
   "brakingpacefast": 1.557512805343206,
   "sensang": -0.9222883496629201,
   "spincutint": 2.4340930334717257,
   "st": 1019.6038432362899,
   "brakingpaceslow": 2.8758987558384477,
   "sortofontrack": 1.3024176548364934,
   "steer2edge": 1.3759962619132624,
   "backward": 2.2238163058794256
 }