{
    "backontracksx": [70.85062371134153,0.9,1.1],
    "backward": [1.669224786901136,0.85,1.15],
    "brakingpacefast": [1.0383418702288039,1,1.1],
    "brakingpaceslow": [2.2425656876338924,0.9,1],
    "carmaxvisib": [2.291858682873671,0.9,1.3],
    "carmin": [33.86878021767926,1,1.15], 
    "clutchslip": [90.34100694329528,0.9,1.1],
    "clutchspin": [50.291035172311716,0.9,1.1],
    "consideredstr8": [0.010033102875417081,1,2],
    "dnsh1rpm": [4013.503613860325,0.85,1.15],
    "dnsh2rpm": [6313.039606388141,0.85,1.15],
    "dnsh3rpm": [7018.257426303851,0.85,1.15],
    "dnsh4rpm": [7430.310491083784,0.85,1.15],
    "dnsh5rpm": [7483.471089380139,0.85,1.15],
    "fullstis": [0.8198735817280897,0.9,1.1],
    "fullstmaxsx": [20.070818862674596,0.9,1.1],
    "ignoreinfleA": [10.793558810628733,1,2],
    "obvious": [1.3424661801203506,0.9,1.15], 
    "obviousbase": [95.30715165573112,0.95,1.1], 
    "offroad": [1.0002653228126588,1,1],
    "oksyp": [0.06586706491973668,1,1],
    "pointingahead": [2.196445074922305,1,1],
    "s2cen": [0.5113460794343394,0.9,1.1],
    "s2sen": [3.004432096693817,0.85,1.15],
    "safeatanyspeed": [0.0012800919243947557,1,2],
    "seriousABS": [27.913519841072034,0.9,1.1],
    "skidsev1": [0.576616694479842,0.8,1.2],
    "slipdec": [0.018047798233552067,0.5,1],
    "sortofontrack": [1.5040683093640903,0.8,1],
    "spincutclip": [0.1025421499370399,1,1],
    "spincutint": [1.7449866514563273,1,1],
    "spincutslp": [0.05142589453207698,1,1],
    "st": [689.9554366257631,0.8,1.2],
    "stC": [329.15365840061344,0.8,1.2],
    "steer2edge": [0.9502114400315407,0.9,1.1],
    "str8thresh": [0.14383741216415255,1,1.2],
    "stst": [494.40788172445616,0.8,1.2],
    "sxappropriatest1": [16.08326982212498,1,1.5],
    "sxappropriatest2": [0.5520202884372154,0.5,1],
    "sycon1": [0.6429244177717478,0.9,1.1],
    "sycon2": [1.000239198433143,0.9,1.1],
    "upsh2rpm": [9528.46608405377,0.85,1.15],
    "upsh3rpm": [9519.18387210465,0.85,1.15],
    "upsh4rpm": [9526.724084318208,0.85,1.15],
    "upsh5rpm": [9652.787170031397,0.85,1.15],
    "upsh6rpm": [11914.502728729563,0.75,0.85],
    "wheeldia": [0.8554277668777635,0.8,1.2],
    "wwlim": [4.487048259980536,0.85,1]
}
