{
   "dnsh3rpm": 10527.386139455777,
   "consideredstr8": 0.006693727028587872,
   "upsh6rpm": 12141.98959820603,
   "dnsh2rpm": 6498.649435088506,
   "str8thresh": 0.2157561182462288,
   "safeatanyspeed": 0.0007898664209676554,
   "offroad": 0.6119901350093692,
   "fullstmaxsx": 30.106228294011892,
   "wwlim": 3.2791378657046866,
   "upsh4rpm": 4763.362042159104,
   "dnsh1rpm": 4765.396149634059,
   "sxappropriatest1": 8.04163491106249,
   "oksyp": 0.04096731104850699,
   "slipdec": 0.020362091074952605,
   "spincutslp": 0.056910288286512845,
   "ignoreinfleA": 10.87183818081346,
   "s2sen": 1.5022160483469085,
   "dnsh4rpm": 3715.155245541892,
   "seriousABS": 41.87027976160805,
   "dnsh5rpm": 11225.20663407021,
   "obviousbase": 82.7806903610718,
   "stst": 487.6692050399114,
   "upsh3rpm": 8087.724931379054,
   "clutch_release": 0.025008858492062892,
   "stC": 164.57682920030672,
   "pointingahead": 2.6963603488946455,
   "spincutclip": 0.07190307179899641,
   "clutchslip": 57.30446437972377,
   "obvious": 0.8059975102297479,
   "backontracksx": 102.08344575757994,
   "upsh2rpm": 14292.699126080657,
   "senslim": 0.038539985325735514,
   "clutchspin": 75.43655275846757,
   "fullstis": 0.5331859899560967,
   "brake": 0.00005516744956946917,
   "carmin": 50.80317032651889,
   "sycon2": 1.5003587976497144,
   "s2cen": 0.5059182593458234,
   "sycon1": 0.9643866266576218,
   "upsh5rpm": 4826.393585015699,
   "carmaxvisib": 3.4377880243105063,
   "sxappropriatest2": 0.6742781280587982,
   "skidsev1": 0.8649250417197629,
   "wheeldia": 0.7428000596211033,
   "brakingpacefast": 0.5191709351144019,
   "sensang": -0.45091039531706356,
   "spincutint": 1.86358229944598,
   "st": 710.6461545634479,
   "brakingpaceslow": 3.1069523141747633,
   "sortofontrack": 1.8078597496794562,
   "steer2edge": 1.4253171600473111,
   "backward": 1.0818564136787967
 }